1 0
1 0
1 1
0 0
500 499
0 0
1 0
0 0
1 0
1 1
0 0
250000 249999
0 0
0 0
1 0
1 0
0 0
0 0
0 0
3906 3905
1 0
0 0
499999 499999
0 0
1 1
7812 7811
0 0
1 1
1 1
3906 3905
250000 249999
0 0
0 0
0 0
1 0
0 0
0 0
0 0
1 0
500000 499999
0 0
0 0
1 1
0 0
0 0
1 0
0 0
1 0
249999 249999
7812 7811
1 1
0 0
0 0
0 0
3 2
1 1
1 0
1 0
1 0
125000 124999
0 0
0 0
0 0
0 0
0 0
2 1
3905 3905
1 0
1 0
3 2
0 0
0 0
0 0
1953 1952
1 1
1 1
1 0
2 2
1 0
0 0
1 0
1 1
0 0
0 0
0 0
0 0
0 0
3 2
0 0
1 0
0 0
0 0
1 0
0 0
0 0
0 0
0 0
0 0
0 0
0 0
