1 0
1 0
1 1
0 0
500 499
1 0
1 0
1 1
0 0
1 1
500000000000000000 499999999999999999
1 0
1 0
0 0
250000000000000000 249999999999999999
1 0
2 2
250000000000000000 249999999999999999
1 1
1 1
0 0
0 0
0 0
1 1
125000000000000000 124999999999999999
0 0
0 0
0 0
1 1
1 1
0 0
1 0
7812499999999999 7812499999999999
249999999999999999 249999999999999999
0 0
1 0
1 0
0 0
0 0
0 0
0 0
2 2
2 1
0 0
1 0
0 0
0 0
0 0
1 0
0 0
1 1
2 2
1 0
7812499999999999 7812499999999999
0 0
3906249999999999 3906249999999999
1 0
1 1
1 1
0 0
2 2
0 0
3906250000000000 3906249999999999
1 0
0 0
1 0
499999999999999999 499999999999999999
0 0
0 0
0 0
0 0
1 0
1 0
0 0
2 2
0 0
0 0
0 0
0 0
0 0
1 0
1953125000000000 1953124999999999
0 0
0 0
2 2
0 0
0 0
1 0
1 0
3906249999999999 3906249999999999
2 2
0 0
0 0
0 0
0 0
0 0
0 0
0 0
0 0
0 0
